19394
88523
60736
75224
78157
40925
86284
28269
95540
48998
30875
39762
90841
72017
90563
97482
41285
10561
55289
58094
25799
39530
26398
84654
17891
49607
77920
63548
49452
10623
44369
24171
23836
35024
53006
17908
96110
21260
19069
50462
58898
63205
68401
13938
97309
79019
80069
62881
93649
62227
67133
22177
70120
65463
20788
16101
88771
17935
39580
13624
39315
87396
39438
19555
12294
39136
68137
64762
11693
27873
74977
65309
99968
73977
38300
69852
65284
43782
74032
37820
39747
85435
13406
49130
52354
92149
36943
12471
60136
44887
87542
46184
49717
96962
34123
51911
29657
78653
59461
29224
36439
13523
90606
25442
81801
23207
47997
98666
79422
93922
55628
89976
86134
66713
70140
44831
94934
51449
69165
69254
23289
25055
14060
55286
37866
41143
82404
64498
19413
91738
98188
18533
26451
27689
63800
51092
33392
61939
93244
69356
30830
73378
54810
60906
64786
73954
51826
45477
39832
39313
87150
24195
60222
53575
12726
70517
89448
94123
33021
12660
38086
47154
62889
26260
62539
10837
32785
61750
48843
23001
78135
46469
92523
77332
88022
69886
76828
30411
37813
58166
11224
47464
44093
18663
67651
82915
84939
93163
35337
31836
83607
27234
17611
45939
44136
24980
64751
82530
83164
52225
39901
68629
41761
84332
56294
88603
34147
70748
83432
61677
55026
45757
53241
31385
56659
60236
65487
57628
38867
61389
52190
73770
28535
72684
68234
70718
57893
87278
99048
85431
21498
11733
29786
83685
84668
96742
83192
14291
15967
40857
37360
28437
81625
10670
39088
79068
86163
16356
77035
95893
68524
67206
61332
18337
93390
54333
71139
38055
68004
77905
47611
79842
13662
53745
41222
52076
15371
23306
29817
93289
22128
38431
23505
28107
86820
26522
50144
82874
66228
80001
42537
39967
85939
65039
20791
13246
29704
37362
52727
56123
31682
99721
11915
78695
37842
33522
42425
61796
18581
85444
79723
32198
61485
25570
59494
31201
20105
68086
99087
69972
62874
76958
15510
32628
98849
57502
99195
71072
70180
90411
17690
72498
62472
23478
21680
64962
67171
87749
96550
34827
14965
81400
28022
65594
61051
37268
42755
90944
14515
78631
83844
47511
63833
27770
63009
58607
72299
98414
59427
42920
42943
76950
66370
62072
69498
38482
90604
79371
24310
84526
28190
42959
62789
96930
17482
36117
87059
21860
66292
72327
32333
95478
40395
23169
46662
27483
14770
30201
81414
71539
18733
71233
23912
72646
80943
53771
25524
71583
68782
92398
18717
71309
66027
92188
52654
41484
74536
34402
65396
64587
73313
64781
40433
15383
53862
18251
92391
42843
30265
70472
11115
38743
29204
89512
47347
35918
35111
87122
62610
69117
34608
68159
44645
11360
98841
68166
30855
34886
19259
49446
28770
69727
19805
13092
21397
79152
68649
95088
38088
34497
36209
30822
23427
18266
42203
86082
31027
41998
15099
11613
59774
38313
73717
98902
99167
41435
15042
78981
76225
67283
84631
61343
12940
57352
73255
65000
79110
55163
36832
92421
24862
13598
76781
64986
48307
30499
18397
44296
53975
46262
28139
49533
93528
13765
72839
90780
69774
45153
83124
91418
70779
78588
96799
17454
39594
96631
62254
32818
63705
78591
39160
75105
91888
64917
79697
23416
69209
86468
87174
21197
83503
46243
83425
64091
82387
72432
68423
63036
46945
92178
92475
71265
22466
78425
84989
59915
62251
25112
78278
27294
49019
21504
11920
33923
45471
59325
80028
25706
81065
14435
20330
51339
72276
83903
80068
66905
79932
19408
83911
84717
35764
91958
12711
61725
39768
86115
17195
99304
95620
23299
70384
95974
19983
30328
93287
29850
71063
87005
13402
16810
53126
87495
59241
38729
97527
54481
53294
99814
52458
97173
90268
15958
27539
75668
92730
54793
20493
38749
63488
69715
99423
13503
37032
82994
95113
82341
47782
19392
58145
11367
24090
74367
58821
84758
41324
63755
18456
43908
76789
13654
92979
45134
39852
55066
53972
35205
34894
93606
45212
71473
77246
72899
39506
13959
56571
68789
29980
82077
95915
31832
79076
47570
21058
19787
36452
24331
35181
65847
28677
30918
71808
78490
50658
84525
92052
35798
67640
28644
79569
55849
60737
78807
49986
61356
85575
43531
53843
92048
18275
59311
63750
77779
26196
65202
54245
60651
12795
12691
14868
57009
22924
46880
44046
88721
62559
16394
82812
91964
24111
54143
96970
65895
90345
11847
26002
15535
33281
54737
75392
43098
41574
87423
76419
65498
10938
45987
54998
37518
23092
56921
84101
23120
53441
10525
43726
61391
68630
62125
53111
39402
51205
58826
99060
35880
92110
65717
30095
51486
67902
18402
29938
18611
85078
64358
92243
22205
78191
66220
59143
37247
66923
77849
78619
15016
51214
60173
40398
85099
14582
27504
99400
11061
71600
65520
46348
82323
60500
50789
29819
53629
68689
66009
66056
79406
16799
81044
51166
82919
14096
22876
74460
35827
26421
26223
41827
16656
82262
20908
35562
57341
76022
79301
53092
92740
52415
23043
68913
25155
89907
57055
83130
62554
78177
42006
59006
54514
91441
96678
85071
65555
17750
95125
79124
91205
66332
65100
65055
45502
53781
12902
89582
42262
58411
45418
24720
59590
96877
53645
41081
44928
14232
88042
48259
80858
22758
76760
75606
38843
79989
97934
11337
94685
11546
44205
21374
78416
34842
22383
80155
93228
88857
84048
19980
89184
35848
17400
10985
45857
69026
24044
68840
18020
12012
53078
22616
83684
69679
18547
61762
32214
54647
49923
30699
82213
89544
86907
10007
33723
71326
43056
22112
29413
62103
99839
82466
63961
53925
76255
63941
99403
16280
24735
80271
54165
89734
14857
75370
97725
48788
76858
31339
74171
92778
81891
32207
89414
46799
31925
30646
93120
12245
57323
12723
87211
87213
24725
48091
90573
33839
84427
76722
33739
26953
18734
50146
74422
11801
99794
43452
88161
63363
85697
20311
87978
70962
95376
39600
49544
86928
36128
26726
80767
98537
96829
90261
22485
62557
90304
49968
41017
89768
56055
70937
37132
86318
51330
74069
35200
14871
88542
70691
52454
96898
13342
51301
31504
89361
66758
76024
33179
90757
90820
10606
38801
20602
73304
15768
42580
89093
42484
75272
56843
33767
43275
95051
40784
92406
24412
75949
23180
95260
87848
37421
12916
52570
63243
41946
15841
32242
84236
63032
25207
30525
38044
17774
25953
31123
88196
13796
19398
88811
71454
94597
14793
86183
49244
11382
33929
15981
53640