30201
40612
82993
92188
27314
54647
23731
14815
16406
59590
22128
70353
51911
77153
12816
68004
32178
31048
51911
14440
18533
88299
56543
62539
55936
98934
33887
68649
45428
68630
79502
42203
54647
97148
14515
12813
45282
31585
68649
59959
80858
27250
14973
96725
16113
22128
51105
31929
28456
87150
38055
28210
41359
22128
53022
93317
80239
96253
59590
14515
81433
39312
36516
37518
73072
39440
38055
54647
39768
21222
22128
37518
93649
51911
69694
18529
42203
30201
80207
68004
42203
18611
52826
98817
55049
43275
93096
50411
24044
12366
84432
30378
55951
43275
51911
22128
16830
14100
38055
38218
68630
39762
38055
34772
16055
10144
99304
78425
62539
16723
61077
79887
46710
69568
97593
34608
44979
36022
18010
68649
15723
39762
43275
15464
38055
36251
43275
10231
77772
36203
68649
22128
14515
18533
28677
84147
95229
29850
63867
44901
68630
22118
98128
89093
49722
68004
64510
17137
19305
77094
62539
19958
55319
18533
80970
95031
52996
17400
58607
49866
13197
55140
68004
79122
27869
68630
80193
83026
16021
86838
38055
70018
24044
48312
59590
63430
99616
68630
44203
68004
90390
89093
68004
94925
92188
68004
72354
47611
80589
41400
54647
28677
17933
42203
88447
76214
83636
59590
96240
71708
56044
54625
39768
39762
22128
30201
80858
54647
42203
53864
29850
39762
93649
37518
92510
13326
22847
29627
28677
81881
28677
21680
28677
93649
51911
61655
14515
88350
38055
14513
38055
75489
14018
28535
28677
46929
93649
80858
70441
33823
24044
87500
87150
25629
59590
70485
92549
57690
34542
30201
12245
44145
70163
20493
23528
28535
68630
68004
38055
75926
25005
25140
24044
68004
51558
81725
68630
93649
62872
39762
20318
89215
14273
58177
68059
92188
92577
12814
43275
51911
38055
43275
62539
58483
26022
71961
51911
28677
46073
51911
80858
80046
22128
37518
63797
18533
66307
22896
19401
99628
44667
99245
68649
81282
49927
28027
62342
24044
94172
57265
85761
86675
32803
75816
14515
74495
25898
55730
54871
60473
53384
20928
37518
59585
17400
92188
38817
88305
31707
37518
28677
37518
68630
84915
14515
22708
36626
68004
62539
59726
21457
35413
74936
46589
62539
32317
58657
68649
46701
37518
34608
81768
95413
68649
21093
80380
89093
93649
29039
43555
77592
25808
65719
62539
83419
13993
68630
84317
18533
54647
80858
92598
20333
68649
34608
49185
28677
54647
33531
68004
97799
72190
11930
59590
24568
34976
83036
94321
83197
93066
34608
17400
21680
20493
18533
57624
39762
41766
46662
54185
20493
72433
51135
80240
92188
57427
61937
92188
10605
91659
38423
68649
27470
14515
37341
91685
12245
12864
18533
39762
90733
47235
62103
55339
54077
93649
40539
53682
20845
62103
85627
46662
35760
22128
22128
54647
10146
94375
53889
57303
35946
14481
65318
93649
37288
73722
51911
92188
14515
25759
40495
39768
99304
40528
10317
61425
67261
78425
83595
22175
93649
28178
24044
92188
82693
64876
12189
93265
99304
78808
22772
50315
67526
89093
14515
81298
72464
37518
18611
24044
37518
38055
24044
92179
79453
21608
54647
46074
17400
40532
80858
78914
87616
65856
42203
21680
28677
42203
43275
78425
78425
63469
28677
39762
93649
73388
38517
15028
93649
42042
62539
64759
42203
59590
38055
61526
44628
34059
69634
23198
24044
17669
93938
33739
67532
24044
76757
18533
78229
94970
56614
43275
20613
78425
46569
93446
18533
18482
54169
59686
39762
31931
68004
38055
14515
42203
57636
21680
99103
46260
31880
38055
89093
95957
29557
18533
99304
46662
75784
51888
94672
37909
64539
43275
67609
93226
88634
58583
28677
20493
43275
53455
22128
36581
22250
87922
41392
43405
64149
28535
65954
96885
94140
53320
76721
64662
43955
26031
67792
74163
25406
92188
74091
87542
23287
14082
68649
68109
34558
37518
93649
51289
67880
49564
43221
12136
92213
15825
99304
28677
67378
55863
28677
47477
28677
57113
37518
39762
68223
76746
49748
39768
30201
92188
96952
89676
21680
30201
49831
97611
92188
12245
62539
19635
37518
83335
30201
93322
38055
21680
47589
89093
46493
30201
28677
29805
78425
68649
28677
64863
54647
49913
38055
68004
14515
86349
22835
98829
42231
59590
93503
51911
49215
22128
71063
54736
24044
52335
76240
93649
86143
83204
54647
81171
60554
14138
51911
89572
75105
39762
95647
92157
79560
78425
32659
44103
68649
43275
93649
24044
29446
22128
75360
76890
28677
14515
26279
26076
89093
60094
18301
99304
80129
56782
40686
24829
91104
43275
90283
16948
34608
61814
75190
98594
50013
52474
63994
39762
84259
58434
17400
25182
33378
32171
68919
16964
75823
17400
38586
30201
89998
99304
18533
78465
51911
38229
54647
18533
55523
42203
19531
76191
63853
78425
39762
68649
13832
93649
62539
12245
50868
71159
11686
17400
28677
41209
53906
22523
17400
98879
81300
26565
68630
38055
68004
51911
24044
18533
14052
52417
86260
64857
21680
22128
28981
20493
32022
38763
71063
59590
17400
86934
90086
29151
59590
62539
78587
33768
73073
24044
68004
66725
93495
18533
73755
68630
38055
68630
39762
98857
53003
68004
94659
68392
59590
73476
15344
38315
28871
29773
68649
92094
46083
93649
88432
18611
54804
78425
62539
54647
46662
23016
83071
30003
38055
17400
39201
51911
43275
53319
22128
33319
29201
21680
84371
28677
45969
54403
57795
24044
18719
46662
94899
99304
57170
80858
37518
21689
48895
40187
37518
68630
84626
43275
40557
18533
92188
31433
59590
23659
93649
34871
28890
72605
34608
98699
37518
87718
54647
31572
22238
29508
12245
90392
58572
29850
24044
37518
48744
68217
49004
92188
62539
46662
42203
17400
43275
15424
80858
60565
87632
87542
44094
15455
22128
87661
52235
62167
25755
22128
37892
56210
28610
71063
93649
75490
80858
69569
17400
18611
72507
20493
89093
44496
51911
38555
38055
80007
25847
89093
68649
87542
34966
26089
62539
92188
67857
51894
82644
54386
30201
80995
92185
68459
59840
18167
24044
34718
17547
39762
68630
54647
17400
83750
51440
14515
77628
99304
68630
20780
15919
85981
92699
79056
91576
39768
42203
45606
37081
68649
21554
68649
56156
43275
85058
22128
30201
99304
16311
39762
45202
87542
93075
39425
49541
92786
18533
64834
18611
87067
68649
93649
37518
17787
33739
20493
43275
42203
77501
80858
11201
62539
52436
16357
77981
92146
76204
51911
68004
45703